  0.0000000E+00 -0.1998400    
  1.7999649E-02 -0.1988059    
  5.2000046E-02 -0.1942823    
  5.2000046E-02 -0.1942823    
  6.4999580E-02 -0.1907087    
  7.7999115E-02 -0.1864523    
  0.1029997     -0.1769853    
  0.1109991     -0.1731730    
  0.1239996     -0.1665836    
  0.1489992     -0.1527443    
  0.1580000     -0.1469962    
  0.1719999     -0.1376451    
  0.1980000     -0.1191357    
  0.2039995     -0.1144032    
  0.2179995     -0.1031348    
  0.2579994     -6.9588326E-02
  0.2579994     -6.9588326E-02
  0.2649994     -6.3158333E-02
  0.2799997     -4.9244307E-02
  0.3169994     -1.4378019E-02
  0.3169994     -1.4378019E-02
  0.3269997     -4.7506662E-03
  0.3699999      3.6642332E-02
  0.3820000      4.7792915E-02
  0.4169998      7.9808600E-02
  0.4179993      8.0672517E-02
  0.4299994      9.1024928E-02
  0.4459991      0.1044522    
  0.4670000      0.1213260    
  0.4759998      0.1281025    
  0.4939985      0.1412203    
  0.5149994      0.1554254    
  0.5229998      0.1603042    
  0.5379992      0.1690523    
  0.5629997      0.1823110    
  0.5699997      0.1853632    
  0.5850000      0.1914952    
  0.6110001      0.2005587    
  0.6169996      0.2019945    
  0.6320000      0.2051928    
  0.6650000      0.2100635    
  0.6650000      0.2100635    
  0.6879997      0.2101237    
  0.7179995      0.2071491    
  0.7179995      0.2071491    
  0.7329998      0.2036948    
  0.7690001      0.1930557    
  0.7690001      0.1930557    
  0.7809992      0.1876871    
  0.8179998      0.1694288    
  0.8179998      0.1694288    
  0.8309994      0.1612168    
  0.8429995      0.1531445    
  0.8659992      0.1368321    
  0.8739996      0.1306431    
  0.8899994      0.1179444    
  0.9169998      9.5562197E-02
  0.9209995      9.2039660E-02
  0.9369993      7.7842854E-02
  0.9649992      5.2430764E-02
  0.9679995      4.9622610E-02
  0.9899998      2.8979421E-02
   1.014999      5.3145457E-03
   1.023000     -2.2774399E-03
   1.037999     -1.6484888E-02
   1.063999     -4.0916778E-02
   1.070000     -4.6421926E-02
   1.085000     -6.0081176E-02
   1.113000     -8.4976882E-02
   1.117000     -8.8337228E-02
   1.132000     -0.1008144    
   1.164000     -0.1262668    
   1.164000     -0.1262668    
   1.179000     -0.1368743    
   1.212999     -0.1592078    
   1.214000     -0.1597444    
   1.226000     -0.1661361    
   1.264999     -0.1850888    
   1.264999     -0.1850888    
   1.273000     -0.1877161    
   1.288000     -0.1921431    
   1.315000     -0.1984240    
   1.320000     -0.1990126    
   1.335000     -0.2004621    
   1.363999     -0.2014309    
   1.367000     -0.2011625    
   1.382000     -0.1996297    
   1.413000     -0.1944645    
   1.413000     -0.1944645    
   1.429000     -0.1896857    
   1.462000     -0.1776251    
   1.462000     -0.1776251    
   1.474999     -0.1711571    
   1.512000     -0.1509626    
   1.512000     -0.1509626    
   1.521999     -0.1441969    
   1.539000     -0.1321784    
   1.561999     -0.1148437    
   1.570000     -0.1083768    
   1.585999     -9.5183201E-02
   1.613999     -7.1317509E-02
   1.617000     -6.8636686E-02
   1.632000     -5.5182833E-02
   1.663000     -2.6996652E-02
   1.663000     -2.6996652E-02
   1.679000     -1.2176730E-02
   1.712000      1.8357491E-02
   1.712999      1.9270325E-02
   1.724999      3.0222716E-02
   1.761000      6.2670060E-02
   1.762000      6.3529253E-02
   1.771999      7.2103113E-02
   1.789000      8.6398087E-02
   1.811999      0.1049742    
   1.820000      0.1110115    
   1.835000      0.1220231    
   1.861000      0.1400010    
   1.867000      0.1436706    
   1.882000      0.1525511    
   1.913000      0.1692827    
   1.913000      0.1692827    
   1.929000      0.1760962    
   1.964999      0.1890969    
   1.964999      0.1890969    
   1.974999      0.1912030    
   1.992000      0.1940392    
   2.014999      0.1961599    
   2.030000      0.1960262    
   2.064000      0.1934973    
   2.064000      0.1934973    
   2.077000      0.1905949    
   2.113000      0.1805987    
   2.113000      0.1805987    
   2.124000      0.1759247    
   2.167999      0.1554114    
   2.167999      0.1554114    
   2.179000      0.1485947    
   2.195000      0.1381166    
   2.217999      0.1219792    
   2.226000      0.1158699    
   2.240999      0.1041257    
   2.273999      7.7225432E-02
   2.280000      7.1959876E-02
   2.296000      5.7774127E-02
   2.335000      2.2342309E-02
   2.335000      2.2342309E-02
   2.342999      1.4745306E-02
   2.358999     -5.0104130E-04
   2.382999     -2.3400351E-02
   2.389999     -3.0039296E-02
   2.405000     -4.4199396E-02
   2.433000     -7.0239127E-02
   2.436999     -7.3819451E-02
   2.453000     -8.8039592E-02
   2.483000     -0.1137777    
   2.483999     -0.1145671    
   2.499000     -0.1263768    
   2.538000     -0.1554439    
   2.538000     -0.1554439    
   2.546000     -0.1604639    
   2.561999     -0.1700705    
   2.585000     -0.1825769    
   2.594000     -0.1867027    
   2.608000     -0.1926396    
   2.634000     -0.2022243    
   2.639999     -0.2038063    
   2.655000     -0.2073925    
   2.683000     -0.2123394    
   2.686999     -0.2125698    
   2.702000     -0.2131723    
   2.735000     -0.2122988    
   2.735000     -0.2122988    
   2.749000     -0.2098670    
   2.782000     -0.2021309    
   2.782000     -0.2021309    
   2.796000     -0.1969183    
   2.830999     -0.1819543    
   2.830999     -0.1819543    
   2.842999     -0.1752660    
   2.860000     -0.1651051    
   2.882000     -0.1507999    
   2.889999     -0.1451044    
   2.905000     -0.1341242    
   2.931000     -0.1142077    
   2.936999     -0.1093016    
   2.952000     -9.6873596E-02
   2.980000     -7.3037788E-02
   2.983999     -6.9489047E-02
   2.999000     -5.6120865E-02
   3.070000      7.8358129E-03
   3.070000      7.8358129E-03
   3.070000      7.8358129E-03
   3.070000      7.8358129E-03
   3.078000      1.5243381E-02
   3.092999      2.9024921E-02
   3.118000      5.1534608E-02
   3.125000      5.7567637E-02
   3.141000      7.1146078E-02
   3.174000      9.8005787E-02
   3.174000      9.8005787E-02
   3.186000      0.1068216    
   3.202000      0.1180079    
   3.236000      0.1400685    
   3.236000      0.1400685    
   3.250999      0.1480742    
   3.264999      0.1547522    
   3.281000      0.1615047    
   3.314000      0.1733093    
   3.315000      0.1735311    
   3.328000      0.1763622    
   3.363000      0.1820752    
   3.363000      0.1820752    
   3.374000      0.1822447    
   3.391000      0.1817029    
   3.413000      0.1794050    
   3.421000      0.1778321    
   3.436999      0.1741574    
   3.462999      0.1665069    
   3.467999      0.1645278    
   3.484000      0.1578923    
   3.514999      0.1432153    
   3.514999      0.1432153    
   3.531000      0.1338870    
   3.564000      0.1129776    
   3.564000      0.1129776    
   3.577000      0.1034755    
   3.613000      7.5998954E-02
   3.613999      7.5155720E-02
   3.624000      6.6698499E-02
   3.641000      5.2030422E-02
   3.662000      3.3419333E-02
   3.671000      2.5249135E-02
   3.686999      1.0620084E-02
   3.712000     -1.2371438E-02
   3.717999     -1.7891545E-02
   3.735000     -3.3505540E-02
   3.761000     -5.7117417E-02
   3.764999     -6.0651358E-02
   3.781000     -7.4707806E-02
   3.811000     -0.1003168    
   3.811999     -0.1011141    
   3.827000     -0.1130488    
   3.861000     -0.1389338    
   3.861000     -0.1389338    
   3.874001     -0.1476874    
   3.910000     -0.1705568    
   3.910000     -0.1705568    
   3.921000     -0.1763027    
   3.938999     -0.1850034    
   3.959999     -0.1937194    
   3.969000     -0.1967222    
   3.983999     -0.2011836    
   4.008999     -0.2070663    
   4.014999     -0.2078355    
   4.031000     -0.2094676    
   4.059000     -0.2103513    
   4.069000     -0.2094161    
   4.087000     -0.2069439    
   4.108000     -0.2024460    
   4.117001     -0.1997344    
   4.132999     -0.1943377    
   4.160999     -0.1831384    
   4.163000     -0.1821289    
   4.178999     -0.1739413    
   4.212000     -0.1552561    
   4.212000     -0.1552561    
   4.226000     -0.1458746    
   4.261000     -0.1210850    
   4.261999     -0.1202895    
   4.271999     -0.1123070    
   4.289000     -9.8387882E-02
   4.316000     -7.5438686E-02
   4.319000     -7.2766535E-02
   4.334999     -5.8460087E-02
   4.365000     -3.1217529E-02
   4.367001     -2.9364130E-02
   4.382000     -1.5460584E-02
   4.413000      1.3277378E-02
   4.414000      1.4192096E-02
   4.428999      2.7909961E-02
   4.461000      5.6702368E-02
   4.461000      5.6702368E-02
   4.476000      6.9548316E-02
   4.511999      9.9343374E-02
   4.511999      9.9343374E-02
   4.521999      0.1068249    
   4.539999      0.1198082    
   4.562000      0.1345192    
   4.570000      0.1393158    
   4.584999      0.1479112    
   4.610001      0.1609172    
   4.617001      0.1639134    
   4.632000      0.1699339    
   4.659000      0.1791805    
   4.664000      0.1803540    
   4.680000      0.1837820    
   4.709999      0.1881964    
   4.709999      0.1881964    
   4.725000      0.1884891    
   4.761000      0.1868802    
   4.761000      0.1868802    
   4.771999      0.1847167    
   4.789000      0.1806065    
   4.810999      0.1737747    
   4.820000      0.1701947    
   4.836000      0.1632767    
   4.858000      0.1524551    
   4.867001      0.1473271    
   4.882000      0.1383342    
   4.907999      0.1215202    
   4.914000      0.1171892    
   4.930000      0.1053896    
   4.957001      8.4441014E-02
   4.961000      8.1105329E-02
   4.975000      6.9324717E-02
   5.007000      4.1705467E-02
   5.007000      4.1705467E-02
   5.021999      2.8168069E-02
   5.058001     -4.6402682E-03
   5.058001     -4.6402682E-03
   5.075001     -2.0299204E-02
   5.107000     -4.9518794E-02
   5.108999     -5.1293556E-02
   5.124001     -6.4580314E-02
   5.157000     -9.3132809E-02
   5.157999     -9.3943462E-02
   5.171000     -0.1044640    
   5.207001     -0.1325921    
   5.207001     -0.1325921    
   5.218000     -0.1402524    
   5.233999     -0.1508825    
   5.257000     -0.1650039    
   5.264999     -0.1692831    
   5.281000     -0.1773861    
   5.305000     -0.1880944    
   5.312000     -0.1905596    
   5.327999     -0.1957382    
   5.355000     -0.2026812    
   5.358999     -0.2032509    
   5.374001     -0.2051281    
   5.405001     -0.2069894    
   5.407000     -0.2068421    
   5.421000     -0.2056912    
   5.455000     -0.2008942    
   5.455000     -0.2008942    
   5.468000     -0.1972266    
   5.504999     -0.1848726    
   5.504999     -0.1848726    
   5.514999     -0.1800995    
   5.531000     -0.1718897    
   5.555000     -0.1582659    
   5.563999     -0.1524734    
   5.577999     -0.1430845    
   5.605000     -0.1239110    
   5.608999     -0.1207923    
   5.624001     -0.1089545    
   5.656000     -8.2712986E-02
   5.657000     -8.1837520E-02
   5.671000     -6.9554701E-02
   5.705999     -3.8323097E-02
   5.705999     -3.8323097E-02
   5.718000     -2.7297158E-02
   5.754999      6.7665912E-03
   5.754999      6.7665912E-03
   5.766001      1.6829472E-02
   5.781000      3.0417081E-02
   5.805000      5.1763210E-02
   5.812000      5.7754900E-02
   5.827999      7.1264260E-02
   5.854000      9.2416555E-02
   5.858999      9.6200578E-02
   5.874001      0.1073731    
   5.903000      0.1278331    
   5.906000      0.1296973    
   5.921000      0.1388757    
   5.954000      0.1574588    
   5.954000      0.1574588    
   5.968000      0.1637568    
   6.003000      0.1776518    
   6.003000      0.1776518    
   6.014999      0.1807827    
   6.053999      0.1890302    
   6.053999      0.1890302    
   6.070000      0.1897743    
   6.103001      0.1890588    
   6.108999      0.1880945    
   6.124001      0.1853062    
   6.150999      0.1786119    
   6.156000      0.1768235    
   6.171000      0.1711646    
   6.202000      0.1577165    
   6.202000      0.1577165    
   6.218000      0.1489857    
   6.233999      0.1394335    
   6.261000      0.1220126    
   6.264999      0.1191282    
   6.281000      0.1074270    
   6.319000      7.8268275E-02
   6.319000      7.8268275E-02
   6.327000      7.1526922E-02
   6.344000      5.7009533E-02
   6.378000      2.7335584E-02
   6.378000      2.7335584E-02
   6.389999      1.6517282E-02
   6.428999     -1.8820580E-02
   6.428999     -1.8820580E-02
   6.437000     -2.6088919E-02
   6.452999     -4.0551525E-02
   6.476999     -6.1918348E-02
   6.483999     -6.7947641E-02
   6.499001     -8.0715232E-02
   6.527000     -0.1038036    
   6.530001     -0.1061074    
   6.546000     -0.1182816    
   6.577999     -0.1413086    
   6.577999     -0.1413086    
   6.593000     -0.1507323    
   6.625999     -0.1698175    
   6.625999     -0.1698175    
   6.639999     -0.1762781    
   6.674000     -0.1901553    
   6.674999     -0.1904287    
   6.686001     -0.1933938    
   6.702999     -0.1972034    
   6.723000     -0.2002641    
   6.733999     -0.2010244    
   6.750000     -0.2013914    
   6.774000     -0.2003534    
   6.781000     -0.1993447    
   6.796000     -0.1967489    
   6.823999     -0.1901772    
   6.827999     -0.1887870    
   6.844000     -0.1829755    
   6.886000     -0.1652010    
   6.886999     -0.1646261    
   6.889999     -0.1628900    
   6.905001     -0.1540605    
   6.921000     -0.1438902    
   6.948000     -0.1254584    
   6.952000     -0.1224438    
   6.968000     -0.1102320    
   7.007999     -7.8393474E-02
   7.007999     -7.8393474E-02
   7.014999     -7.2339304E-02
   7.031000     -5.8365405E-02
   7.056000     -3.6173478E-02
   7.062000     -3.0759685E-02
   7.077000     -1.7199785E-02
   7.105000      8.1155803E-03
   7.108999      1.1694199E-02
   7.124001      2.5078032E-02
   7.157000      5.4055914E-02
   7.157000      5.4055914E-02
   7.171000      6.5803140E-02
   7.209999      9.7577035E-02
   7.209999      9.7577035E-02
   7.219000      0.1042080    
   7.233000      0.1142003    
   7.257999      0.1310692    
   7.267000      0.1364747    
   7.281000      0.1444777    
   7.306000      0.1575756    
   7.312000      0.1601858    
   7.327000      0.1663723    
   7.355000      0.1762940    
   7.358999      0.1772655    
   7.374001      0.1806635    
   7.407999      0.1862565    
   7.407999      0.1862565    
   7.421000      0.1865429    
   7.455999      0.1854116    
   7.455999      0.1854116    
   7.468000      0.1832604    
   7.504000      0.1750417    
   7.504999      0.1746691    
   7.514999      0.1709014    
   7.532000      0.1638637    
   7.554001      0.1534065    
   7.562000      0.1489984    
   7.577999      0.1397641    
   7.604000      0.1234792    
   7.608999      0.1199781    
   7.624001      0.1092742    
   7.656000      8.5297354E-02
   7.657000      8.4481157E-02
   7.671000      7.3022164E-02
   7.705000      4.4432282E-02
   7.705999      4.3546926E-02
   7.718000      3.2903787E-02
   7.756001     -1.1301748E-03
   7.756001     -1.1301748E-03
   7.764999     -9.3220649E-03
   7.780001     -2.2951055E-02
   7.804001     -4.4579342E-02
   7.812000     -5.1634870E-02
   7.827000     -6.4729743E-02
   7.854000     -8.7724082E-02
   7.858999     -9.1748893E-02
   7.874001     -0.1036748    
   7.903000     -0.1257229    
   7.906000     -0.1277807    
   7.921000     -0.1379429    
   7.954000     -0.1588201    
   7.954000     -0.1588201    
   7.968000     -0.1662051    
   8.006001     -0.1843747    
   8.006001     -0.1843747    
   8.014999     -0.1874354    
   8.031000     -0.1923105    
   8.063000     -0.2000140    
   8.063000     -0.2000140    
   8.077000     -0.2015642    
   8.093000     -0.2024049    
   8.139000     -0.2017210    
   8.139000     -0.2017210    
   8.139999     -0.2015134    
   8.156000     -0.1981221    
   8.171000     -0.1939776    
   8.194000     -0.1862639    
   8.202000     -0.1828814    
   8.218000     -0.1756462    
   8.247999     -0.1603932    
   8.249001     -0.1597850    
   8.264999     -0.1500191    
   8.306000     -0.1231260    
   8.306000     -0.1231260    
   8.311001     -0.1193177    
   8.327999     -0.1061995    
   8.364000     -7.7306263E-02
   8.364000     -7.7306263E-02
   8.374001     -6.8734035E-02
   8.389999     -5.4857746E-02
   8.417999     -3.0277865E-02
   8.421000     -2.7614670E-02
   8.437000     -1.3408161E-02
   8.466000      1.2238738E-02
   8.468000      1.3983326E-02
   8.483000      2.7040809E-02
   8.514999      5.4395568E-02
   8.516001      5.5209991E-02
   8.530001      6.6573292E-02
   8.568001      9.6404091E-02
   8.568001      9.6404091E-02
   8.577000      0.1027278    
   8.593000      0.1135880    
   8.617001      0.1287686    
   8.625000      0.1332339    
   8.639999      0.1412117    
   8.667000      0.1541432    
   8.671000      0.1556633    
   8.686001      0.1611370    
   8.715000      0.1700177    
   8.718000      0.1705894    
   8.733000      0.1732655    
   8.771999      0.1778056    
   8.773001      0.1777605    
   8.780001      0.1774163    
   8.796000      0.1761658    
   8.830000      0.1712860    
   8.830000      0.1712860    
   8.843000      0.1676341    
   8.858000      0.1626783    
   8.891001      0.1499310    
   8.892000      0.1494252    
   8.906000      0.1422911    
   8.921000      0.1339525    
   8.945000      0.1194926    
   8.952000      0.1147904    
   8.968000      0.1037466    
   8.999001      8.1163749E-02
   8.999001      8.1163749E-02
   9.014999      6.8413742E-02
   9.049000      4.0368095E-02
   9.049999      3.9493848E-02
   9.061001      2.9857703E-02
   9.077999      1.4807992E-02
   9.100000     -4.8650783E-03
   9.108999     -1.2950625E-02
   9.124001     -2.6413776E-02
   9.150000     -4.9595512E-02
   9.163000     -6.0902949E-02
   9.198999     -9.1672942E-02
   9.198999     -9.1672942E-02
   9.209999     -0.1005000    
   9.226999     -0.1137626    
   9.249001     -0.1300772    
   9.257999     -0.1362547    
   9.273001     -0.1461832    
   9.299000     -0.1622407    
   9.304001     -0.1649201    
   9.320000     -0.1732230    
   9.349001     -0.1866355    
   9.351000     -0.1873470    
   9.365999     -0.1925731    
   9.400000     -0.2024109    
   9.400000     -0.2024109    
   9.413000     -0.2043991    
   9.451000     -0.2081672    
   9.451000     -0.2081672    
   9.461000     -0.2075576    
   9.476999     -0.2059080    
   9.500000     -0.2020252    
   9.507000     -0.2001864    
   9.523001     -0.1955371    
   9.551001     -0.1856786    
   9.554001     -0.1843076    
   9.569000     -0.1772916    
   9.600000     -0.1611968    
   9.601000     -0.1605786    
   9.615999     -0.1512558    
   9.651001     -0.1280428    
   9.651001     -0.1280428    
   9.663000     -0.1190166    
   9.707001     -8.4811509E-02
   9.709999     -8.2235329E-02
   9.709999     -8.2235329E-02
   9.726000     -6.8410769E-02
   9.761999     -3.6742818E-02
   9.761999     -3.6742818E-02
   9.771999     -2.7695660E-02
   9.789000     -1.2302565E-02
   9.815001      1.1144052E-02
   9.820000      1.5584605E-02
   9.836000      2.9731207E-02
   9.868999      5.8307402E-02
   9.868999      5.8307402E-02
   9.882000      6.8930931E-02
   9.917999      9.7402386E-02
   9.917999      9.7402386E-02
   9.929001      0.1052059    
   9.945000      0.1160735    
   9.967001      0.1299808    
   9.976000      0.1350406    
   9.992001      0.1435551    
   10.01700      0.1554526    
   10.02300      0.1577614    
   10.04000      0.1639199    
   10.06500      0.1713494    
   10.07000      0.1723495    
   10.08500      0.1750475    
   10.11500      0.1785947    
